26 34 13 3 13 29 12 9 28 7 32 31 28 37 2 9 18 21 17 4 13 31 32 23 33 11 21 21 9 37 7 21 12 31 1 14 11 29 6 22 36 3 31 34 26 27 16 18 6 25 15 27 28 33 35 36 6 15 16 4 8 18 29 8 16 8 23 36 22 18 34 26 35 19 3 34 5 6 2 5 8 35 19 14 25 19 12 22 24 13 22 11 14 1 23 25 16 11 25 17 32 7 36 3 24 2 15 1 33 2 4 5 1 7 4 32 33 15 26 35 9 14 23 19 24 27 17 17 24 29 37 28 5 37 12 27 
36 11 24 9 16 19 2 29 27 12 7 1 31 36 11 6 22 26 12 36 26 12 37 15 34 1 5 8 35 3 9 28 33 19 26 5 24 15 18 25 6 1 31 23 32 33 5 29 33 23 22 14 4 17 33 7 32 5 8 29 37 7 13 27 32 28 21 19 4 22 17 24 14 3 9 34 2 15 25 35 2 37 27 11 28 29 14 2 35 9 6 16 25 3 3 13 1 22 26 34 16 37 17 36 15 18 23 8 31 31 13 11 14 21 6 17 21 21 28 8 19 23 18 35 16 34 27 25 12 7 32 18 4 24 4 13 
4 11 19 17 23 37 15 13 2 24 35 13 35 37 28 26 12 12 4 4 21 15 5 33 34 22 29 18 32 14 3 2 27 31 23 5 4 34 36 32 21 26 16 1 19 13 29 34 7 17 17 11 8 16 1 16 28 12 8 9 11 25 13 6 27 28 29 36 32 2 7 32 11 18 26 2 19 8 31 22 27 29 5 35 24 31 15 6 17 33 3 26 1 37 22 3 14 8 24 21 21 33 18 25 3 36 33 7 14 9 16 6 14 5 1 23 36 37 31 12 34 28 9 23 25 18 22 9 6 35 15 24 19 7 25 27 
29 25 28 27 31 18 31 2 5 15 35 8 34 37 33 24 31 22 2 19 13 36 21 18 6 22 9 5 15 17 35 9 6 36 32 35 9 12 15 3 27 18 15 25 16 2 14 21 7 32 24 29 26 4 3 37 21 8 1 1 14 32 12 18 23 12 22 9 16 6 17 4 32 16 17 35 12 4 3 11 3 36 28 23 33 5 36 13 19 21 27 8 6 29 1 4 7 17 25 26 25 13 31 33 24 26 23 14 34 8 13 22 33 19 5 37 23 7 24 34 37 11 11 7 2 16 26 1 34 27 28 29 11 28 14 19 
11 25 14 7 35 22 18 26 8 37 32 19 1 31 18 17 36 36 14 37 27 12 29 9 17 6 13 18 2 29 34 28 8 11 4 7 16 33 11 7 21 5 23 9 33 37 25 25 21 24 24 11 32 6 27 5 29 27 29 5 16 8 35 24 1 16 17 12 19 2 15 12 15 3 1 8 31 35 13 21 21 12 36 13 17 15 3 28 18 26 13 14 27 28 25 37 19 6 22 26 22 28 33 4 32 5 23 34 33 4 3 6 9 23 9 36 19 34 2 26 15 3 24 34 4 1 31 2 23 31 35 7 14 32 22 16 
14 6 8 14 26 24 24 17 22 15 21 37 18 27 9 21 37 15 1 19 24 16 29 22 22 25 4 26 14 27 23 35 2 27 34 19 26 28 33 25 12 15 32 32 13 17 28 1 8 9 3 12 5 35 13 16 7 33 2 25 7 23 29 4 11 13 2 36 21 16 18 15 7 24 16 27 29 5 17 9 36 3 7 9 14 1 6 29 6 32 4 32 31 36 8 13 3 23 37 3 31 28 37 22 31 19 5 11 35 17 18 25 34 34 33 12 5 8 23 34 36 2 18 21 12 26 28 4 35 31 11 19 6 11 33 1 
34 2 8 11 1 28 7 23 21 15 27 21 25 23 16 12 29 9 34 22 31 5 31 24 3 1 26 14 33 9 19 14 32 2 37 7 19 31 1 11 13 17 35 7 4 3 11 28 32 5 6 9 28 22 22 26 13 25 17 12 12 26 29 15 27 3 4 31 15 5 33 7 23 37 19 9 24 6 24 5 36 36 13 33 26 33 24 22 21 11 13 18 12 34 36 28 18 35 6 34 14 29 18 8 19 29 32 25 14 35 4 16 37 4 8 15 8 23 25 2 17 27 16 21 6 3 18 36 1 17 35 2 27 32 37 16 
32 33 28 15 28 24 6 6 22 35 17 15 14 36 3 11 12 34 25 9 3 19 35 12 24 13 16 6 35 17 26 29 34 4 27 16 29 33 9 37 12 24 5 2 34 18 1 21 33 29 36 24 27 23 23 16 2 23 18 36 13 27 9 1 8 31 19 18 11 1 26 15 37 11 21 17 12 34 26 13 28 21 36 5 29 4 21 5 4 22 13 25 7 32 18 25 31 3 22 14 2 37 26 11 8 7 1 9 28 17 35 4 8 32 7 22 27 25 3 19 16 23 19 31 14 14 31 7 8 37 33 32 15 2 6 5 
12 14 21 12 28 32 9 15 11 26 11 13 22 35 9 29 17 31 19 28 36 25 7 18 2 25 14 12 4 25 3 29 33 31 31 16 5 37 6 14 2 33 16 7 27 26 1 19 8 22 17 25 6 32 11 19 37 27 16 29 37 18 19 21 35 27 21 26 15 15 26 35 36 24 5 6 22 18 3 3 16 1 37 21 17 34 34 8 23 32 13 8 33 34 15 4 23 8 28 34 36 7 24 7 9 31 4 14 13 6 22 32 23 5 5 2 27 3 17 1 33 28 12 23 35 9 1 24 29 4 24 11 2 13 36 18 
15 31 35 28 14 29 1 7 4 24 34 11 29 6 21 14 36 3 25 32 17 14 12 19 14 8 22 5 11 3 18 34 32 8 21 5 36 1 18 25 16 26 35 35 2 35 22 37 28 9 1 6 23 18 33 1 16 28 26 15 7 4 12 22 32 22 34 24 32 12 4 25 27 26 23 8 29 15 11 25 13 16 4 21 6 5 17 7 2 8 31 17 28 2 23 36 17 31 37 16 18 11 27 19 13 12 2 21 19 29 27 24 24 13 26 33 3 15 27 9 3 9 33 37 23 6 34 36 31 9 33 37 13 5 7 19 
28 2 36 12 14 13 37 25 7 29 12 37 24 9 24 33 35 27 34 25 11 5 32 6 5 36 22 4 26 21 26 35 29 17 21 22 27 33 25 4 3 12 11 17 14 24 14 34 1 31 17 26 28 2 32 13 27 15 31 15 3 21 26 33 4 24 23 35 29 23 15 6 12 34 8 7 18 1 11 34 5 19 22 31 16 19 28 9 2 7 29 14 13 8 6 37 4 23 16 23 16 33 9 6 21 11 13 17 1 19 25 1 19 37 35 7 27 32 18 16 3 32 3 9 36 22 8 5 2 36 31 8 28 15 18 18 
14 19 2 32 16 3 3 33 33 37 6 19 25 28 1 8 8 7 34 19 18 16 6 35 17 5 9 26 25 15 35 18 35 16 4 26 13 37 11 21 27 34 23 22 37 9 31 13 11 21 35 9 2 13 22 9 7 28 26 27 12 26 21 17 36 23 7 12 25 19 24 29 37 24 23 31 31 7 2 29 22 14 27 28 5 15 14 32 3 18 4 11 11 16 24 28 8 12 23 29 18 33 33 1 12 34 21 5 34 6 15 17 32 22 36 1 1 32 4 36 13 29 5 14 31 15 27 4 36 24 25 17 2 3 6 8 
28 1 23 14 29 15 33 25 26 36 12 22 1 31 26 16 24 2 13 7 3 6 37 36 25 37 5 28 27 18 19 13 3 18 28 7 6 21 6 24 13 35 18 11 36 8 17 17 28 26 32 35 23 27 5 32 14 33 7 35 7 29 34 22 3 25 2 16 2 18 33 3 4 9 37 4 12 6 16 4 29 32 17 34 34 36 1 1 14 32 15 21 23 13 12 22 9 19 8 27 9 2 14 15 15 26 24 11 35 19 4 24 33 12 8 31 16 31 21 19 37 21 29 22 8 5 17 9 34 5 25 23 11 31 11 27 
22 2 31 33 7 32 19 14 1 7 36 23 11 6 4 29 25 32 32 16 13 6 25 33 11 36 3 1 35 31 12 28 23 14 13 29 18 31 17 2 8 15 26 22 29 9 34 22 23 21 3 2 11 21 5 27 27 21 37 24 23 8 2 29 4 18 5 34 22 28 12 4 7 16 13 33 16 18 15 37 14 26 18 19 35 6 9 7 9 11 17 9 14 12 21 4 36 26 17 34 34 26 24 19 35 24 16 13 19 33 15 31 17 28 37 25 28 12 32 1 25 6 5 35 36 1 15 3 27 3 24 8 37 5 27 8 
23 11 32 27 32 7 15 5 26 2 2 8 33 6 26 2 4 4 14 32 25 29 12 37 35 24 23 8 25 19 1 8 5 27 18 35 24 11 26 3 28 15 29 16 37 33 31 6 9 25 36 17 7 28 13 34 5 4 18 14 12 36 31 25 11 21 16 29 29 34 3 16 6 36 33 37 3 18 5 22 7 27 23 3 18 14 7 34 27 28 19 34 22 22 22 8 6 9 13 37 21 4 36 12 35 11 2 1 17 21 14 21 17 24 33 9 26 35 31 15 23 13 19 31 1 32 17 12 1 13 19 15 28 24 9 16 
5 31 33 35 14 14 4 3 9 7 33 16 13 37 11 22 16 28 2 11 36 15 29 27 1 13 15 12 27 26 8 2 5 5 24 32 17 13 23 19 18 17 1 9 35 4 28 15 1 15 21 6 23 6 4 21 34 5 13 28 14 22 29 31 11 3 16 33 37 26 36 12 18 25 37 23 24 37 4 27 34 25 21 2 36 8 31 12 3 18 14 17 7 2 8 27 24 18 34 33 23 7 8 1 11 9 25 28 24 26 32 17 31 32 25 35 22 16 26 19 36 35 19 29 22 7 21 19 29 32 6 6 12 3 34 9 
9 3 13 19 15 27 4 14 23 19 1 5 8 34 28 26 7 28 32 3 9 34 3 5 24 12 31 8 4 5 12 14 34 36 29 37 37 1 25 31 16 33 31 12 5 36 7 28 17 6 8 33 33 22 21 3 25 32 2 7 4 6 31 11 18 17 13 29 2 24 23 33 22 36 9 19 17 24 24 35 8 11 36 16 23 25 34 16 15 4 25 27 26 2 2 18 32 13 21 22 32 29 28 15 18 11 35 6 12 19 18 29 17 35 35 37 15 13 23 7 1 1 14 11 37 14 27 26 21 27 21 16 22 26 9 6 
25 35 14 36 18 18 9 24 24 21 29 19 35 22 33 29 31 11 28 34 2 22 16 28 14 6 8 32 1 8 3 1 5 34 15 16 36 4 5 13 23 9 5 31 7 1 11 4 19 14 31 8 12 2 11 12 33 37 3 26 24 26 3 21 26 28 16 33 6 23 17 33 21 5 37 4 6 9 25 11 18 22 8 13 12 34 16 13 7 25 26 24 27 9 19 15 18 2 32 25 4 15 35 22 12 36 28 37 37 14 3 27 36 27 32 17 29 23 34 7 6 1 17 7 32 19 15 13 27 17 29 2 23 31 35 21 
36 2 33 9 8 31 25 28 15 9 26 28 4 35 37 24 1 13 27 3 17 5 11 9 34 12 2 18 36 13 8 14 37 37 18 4 36 31 21 1 32 24 33 29 25 21 16 21 17 18 3 11 32 3 29 31 26 14 32 19 4 33 15 8 21 22 26 14 12 22 27 17 12 16 15 16 3 28 19 6 24 4 19 5 11 1 32 19 37 34 35 7 14 13 6 26 35 6 7 27 18 25 6 23 13 16 7 31 23 34 1 8 33 5 2 9 22 29 35 25 2 24 7 34 29 22 36 11 23 15 27 28 23 12 5 17 
17 25 28 4 18 24 9 36 36 16 6 26 2 31 15 32 1 25 12 35 32 27 22 15 8 7 22 2 29 24 7 21 8 14 3 5 11 34 21 8 9 34 23 33 18 36 7 22 3 11 33 16 24 15 26 6 32 1 17 31 28 12 4 26 3 34 35 4 14 31 21 15 12 19 22 1 35 26 33 18 14 13 13 29 8 21 5 6 6 17 32 23 35 37 33 19 29 19 37 5 3 16 24 5 18 1 9 25 37 27 12 9 28 13 11 23 2 31 13 2 25 17 14 36 34 7 37 4 29 23 27 19 11 28 27 16 
9 21 18 13 23 8 14 37 19 6 4 6 28 19 18 9 21 24 34 22 16 35 24 31 32 11 29 15 13 1 32 21 36 31 17 7 6 7 11 1 33 2 4 4 21 14 35 16 34 4 6 3 26 28 22 31 25 22 17 22 23 35 19 27 37 24 8 5 3 18 31 34 2 15 25 28 17 16 37 9 29 29 19 8 32 15 9 3 2 14 7 29 34 1 16 5 8 1 36 5 33 24 15 28 32 23 12 23 33 26 5 12 36 2 3 25 25 35 7 36 27 26 13 11 26 14 18 27 17 37 12 13 33 27 11 12 
13 4 19 23 34 18 16 5 12 35 15 12 2 25 3 11 37 32 1 33 6 16 25 23 33 36 35 22 26 5 22 29 29 3 19 18 17 16 31 7 3 4 19 26 37 3 11 19 31 6 2 27 12 15 5 37 35 9 4 13 21 24 31 2 8 4 34 32 36 24 18 15 24 1 6 17 14 17 32 28 14 13 21 33 15 22 28 32 18 12 1 8 6 7 21 33 23 9 14 27 8 34 7 11 9 36 2 35 13 27 16 26 27 8 23 17 14 28 25 7 34 1 29 37 9 11 29 22 31 21 24 25 36 28 26 5 
36 35 32 17 12 16 32 25 31 8 5 22 13 28 7 8 5 15 19 29 29 12 8 17 17 32 2 23 33 9 14 24 13 19 3 28 1 6 6 14 17 18 24 12 27 11 23 16 23 12 22 9 6 5 22 13 15 26 25 26 7 1 31 35 34 2 9 23 21 1 4 36 7 37 37 24 15 32 26 26 29 35 3 3 16 33 36 1 5 21 14 36 24 34 21 21 25 2 8 11 2 29 27 37 4 34 34 25 4 6 27 31 33 18 22 28 3 35 13 28 7 18 19 37 16 19 11 9 14 11 33 4 15 18 31 27 
11 21 28 14 17 33 22 24 35 8 5 26 34 14 29 23 17 19 25 19 26 5 22 35 17 16 12 12 34 4 36 26 26 18 6 29 15 29 11 33 2 19 32 6 5 27 14 1 24 8 23 2 33 8 23 11 3 22 14 16 37 25 12 32 21 37 31 15 7 28 8 16 11 37 29 31 21 32 9 6 33 17 21 9 31 34 25 32 31 4 13 25 13 13 7 18 35 27 13 1 36 19 37 3 34 27 6 23 1 15 35 7 22 28 24 16 9 3 28 4 5 9 12 7 36 4 15 2 27 1 18 18 3 2 24 36 
3 33 35 7 9 37 22 36 27 25 9 24 19 17 36 6 17 18 16 2 32 14 18 27 7 3 18 21 14 15 6 1 11 22 16 11 25 2 37 24 7 6 26 15 3 31 33 2 23 24 34 36 26 4 18 37 14 29 1 34 32 27 31 12 4 26 11 15 21 22 27 5 13 12 28 23 9 11 12 9 5 29 23 34 31 28 35 2 8 3 32 6 35 16 13 4 13 29 17 1 24 8 15 5 17 13 14 26 25 22 33 36 35 21 1 19 7 28 37 8 12 19 28 34 23 21 29 33 4 31 19 32 16 5 25 8 
34 13 8 14 36 35 18 4 29 26 8 33 35 34 26 22 2 33 23 13 34 5 3 15 32 33 25 23 18 1 21 16 12 1 35 4 19 22 33 37 27 32 16 17 24 26 6 3 28 21 11 23 19 11 28 8 36 21 26 27 6 18 7 16 32 22 22 28 3 21 6 1 31 2 32 17 4 31 25 15 35 27 29 16 12 15 31 14 3 8 7 9 23 24 1 9 15 5 29 4 13 24 12 7 12 37 18 37 14 17 34 19 31 7 11 24 5 6 9 19 29 5 25 28 36 2 14 25 11 27 2 9 13 36 37 17 
16 27 13 17 36 28 21 14 18 24 37 12 15 29 14 23 32 29 13 29 13 26 14 5 29 8 3 37 5 28 19 2 32 33 2 23 35 35 2 16 28 34 18 24 5 31 15 3 8 36 15 22 21 1 37 35 26 31 27 6 19 1 32 8 32 8 14 25 36 7 22 16 37 31 33 7 12 16 11 6 4 1 4 18 25 26 5 1 34 25 9 19 6 34 12 17 11 27 34 31 19 9 28 15 11 17 25 7 17 12 3 3 9 9 13 35 4 6 23 36 21 22 22 33 11 21 7 2 24 18 24 23 27 4 26 33 
19 8 14 4 19 32 4 28 22 7 14 28 8 33 21 37 3 17 22 29 18 25 11 19 27 11 3 35 5 16 27 25 31 1 34 12 26 12 13 37 16 15 17 2 31 26 36 25 6 11 14 23 33 15 28 6 34 37 21 36 16 5 24 2 34 14 28 18 35 13 36 2 32 26 18 31 6 18 23 35 15 5 37 1 8 13 29 9 3 22 13 9 31 24 25 23 22 11 19 4 7 32 6 34 9 1 2 15 4 12 36 7 5 12 29 21 16 1 21 17 9 17 33 26 32 24 7 3 33 29 27 8 35 23 24 27 
24 7 33 11 4 29 12 4 23 6 26 35 11 2 31 27 23 19 23 12 29 21 15 14 35 28 7 35 33 15 14 28 11 8 25 21 32 16 33 29 22 29 9 6 1 31 18 5 27 28 16 31 32 22 2 8 32 2 19 25 16 25 4 21 26 1 19 7 35 12 37 12 14 28 13 19 36 37 9 17 25 37 18 3 32 21 27 8 1 9 6 13 9 16 18 5 4 34 26 17 27 6 17 11 3 17 23 18 7 13 22 37 36 8 36 5 24 34 34 2 24 15 3 33 1 14 34 22 13 24 31 26 15 3 5 36 
25 23 15 23 22 25 18 31 11 11 33 1 1 27 6 8 16 24 37 14 28 22 23 4 33 17 4 35 34 2 34 21 9 25 32 26 32 24 37 34 16 7 12 3 7 18 27 6 6 25 5 12 19 3 13 26 31 6 26 24 11 2 5 9 22 29 36 13 36 31 28 14 19 33 29 17 1 16 3 4 36 1 29 23 4 19 37 3 5 8 21 14 14 22 17 15 27 35 7 17 12 2 35 9 7 18 32 21 16 21 15 26 28 13 15 11 27 2 32 9 8 24 36 37 18 35 5 28 29 33 31 19 8 12 34 13 
3 9 29 24 26 25 15 27 14 6 35 12 5 3 32 17 14 11 22 34 12 29 7 4 17 18 7 31 15 7 27 3 22 15 3 33 19 37 34 16 21 33 4 5 16 8 5 22 2 24 23 16 8 22 13 2 7 1 11 19 24 28 14 2 25 23 18 9 26 35 6 26 1 19 31 9 18 36 28 9 29 4 12 12 19 32 25 6 13 21 28 14 32 25 28 2 36 5 8 8 23 11 37 11 15 33 37 17 37 32 36 1 26 27 34 24 36 16 34 17 35 23 13 1 21 31 27 35 21 4 13 33 6 18 29 31 
36 3 12 25 32 1 29 37 16 6 17 7 21 14 18 11 7 29 21 4 31 25 37 3 23 6 33 27 8 4 16 35 19 7 12 23 6 13 1 4 21 5 9 18 25 28 24 8 36 23 28 18 33 16 17 28 15 37 33 7 26 1 31 14 27 19 31 14 32 35 34 9 35 34 34 29 37 32 26 4 21 24 22 32 27 24 8 36 9 11 28 2 2 15 25 16 17 8 2 13 33 3 19 34 22 14 26 36 15 9 18 12 11 13 35 19 17 23 2 3 13 5 26 22 27 5 5 15 22 12 24 1 31 11 6 29 
9 18 17 29 7 22 32 16 2 21 6 16 15 29 35 28 6 13 4 36 24 23 2 33 27 34 34 26 37 24 32 35 14 21 14 1 18 9 6 21 7 34 32 9 5 32 36 29 35 24 11 28 14 25 7 27 33 8 27 37 19 3 11 4 1 31 31 22 13 13 23 11 36 8 23 4 12 11 34 9 15 33 17 33 16 1 26 16 31 4 2 21 23 25 13 19 3 35 12 1 5 22 37 3 5 24 27 28 18 26 36 15 18 12 31 6 3 5 19 14 8 15 25 25 17 37 19 17 29 22 2 8 12 28 7 26 
28 8 36 2 31 35 8 26 17 5 6 25 4 25 32 11 24 37 5 5 27 34 16 3 4 21 24 18 34 23 2 32 5 35 35 1 26 8 1 7 32 27 23 29 14 7 25 33 12 36 37 36 27 19 19 4 14 9 26 18 24 1 15 29 26 17 31 3 34 1 37 28 22 31 2 28 19 6 13 23 7 22 6 2 16 22 37 29 33 15 7 32 11 11 23 11 13 19 16 3 13 6 15 21 22 35 12 18 28 9 33 14 36 33 17 34 24 16 8 15 29 31 12 21 12 21 4 25 27 9 13 17 3 14 9 18 
33 18 9 28 35 2 27 6 13 29 19 19 5 14 18 36 33 28 25 21 17 33 21 37 34 19 25 28 13 4 23 12 5 7 3 3 15 8 2 34 6 15 12 15 25 11 37 8 9 18 24 36 3 24 33 3 23 17 32 17 13 29 18 24 32 15 16 27 22 11 21 26 31 11 9 11 19 8 28 5 25 36 32 31 34 4 13 21 1 1 5 27 14 7 2 23 16 9 4 31 12 31 8 26 27 24 22 7 32 37 29 34 6 16 17 14 37 12 1 6 35 22 23 4 2 29 36 14 35 22 35 16 1 7 26 26 
37 15 17 16 36 35 33 9 35 25 19 36 33 34 27 15 22 34 23 19 32 13 18 36 6 7 37 33 13 18 37 1 31 24 3 36 23 11 26 6 17 14 3 9 28 28 23 29 9 5 34 29 5 27 2 16 6 34 25 3 17 17 22 33 21 35 13 8 8 2 32 1 8 11 24 13 11 14 24 25 9 16 4 8 31 21 22 12 5 26 15 19 35 7 12 31 4 12 26 7 5 21 19 6 1 12 37 32 24 28 18 27 29 4 2 25 1 21 27 16 15 2 26 18 23 4 32 28 22 29 11 14 14 7 31 3 
9 33 35 11 18 5 12 31 6 16 17 16 13 31 13 2 9 34 28 11 2 25 26 17 24 36 35 12 21 3 8 12 37 7 37 25 36 1 3 14 2 4 22 6 19 29 14 1 32 28 27 4 29 8 23 15 34 18 24 32 8 21 23 18 11 13 9 5 22 34 2 6 25 19 31 4 15 27 25 28 26 5 36 15 29 29 1 26 8 23 26 22 17 32 14 22 35 4 35 18 36 19 17 16 33 19 32 6 31 5 3 28 1 14 27 15 37 13 16 21 34 33 21 12 7 24 23 3 37 33 7 7 11 27 9 24 
16 34 12 16 1 33 27 16 37 19 13 5 31 31 29 26 5 16 6 18 6 8 9 2 21 19 33 24 12 29 3 37 8 14 26 15 25 27 3 2 22 9 15 4 5 19 34 21 8 33 7 34 32 34 11 14 17 32 25 7 24 13 35 29 3 17 5 28 21 15 11 11 23 31 36 29 36 2 18 13 4 11 33 9 25 1 36 24 1 35 28 35 35 12 17 13 6 28 25 7 28 12 22 18 9 24 15 18 31 37 4 17 6 14 27 8 32 26 3 4 22 26 1 19 23 21 2 23 27 7 22 36 37 14 23 32 
5 15 7 26 7 37 27 35 21 16 7 16 15 26 8 31 13 14 36 16 21 6 2 19 32 9 24 17 32 34 4 19 18 23 3 36 15 33 17 22 37 1 32 19 23 33 3 13 11 31 9 16 29 13 1 13 2 29 12 6 22 9 25 18 18 32 8 2 12 3 9 37 35 5 12 11 34 29 36 25 3 27 27 1 17 6 22 18 17 33 21 34 23 14 24 26 28 31 1 23 24 5 4 22 34 24 8 8 2 26 31 28 33 35 36 35 14 11 4 19 14 7 25 15 27 37 28 29 11 5 28 21 25 4 12 6 
23 5 12 25 24 3 18 1 25 11 14 21 35 34 24 1 1 36 28 7 25 17 9 8 31 19 19 6 12 7 26 35 6 37 8 6 6 17 32 32 9 14 31 4 8 1 22 9 7 11 5 33 36 37 33 24 17 24 13 4 2 34 4 25 26 2 23 34 2 29 4 23 16 9 28 17 26 36 8 11 37 18 5 13 12 18 27 16 27 37 23 3 29 2 19 19 18 34 15 36 21 29 21 35 16 28 31 14 22 5 3 35 3 28 33 13 7 33 27 15 15 13 32 26 14 32 12 15 16 21 31 22 11 22 27 29 
29 12 13 27 35 31 25 7 21 21 2 28 14 8 35 15 33 36 33 4 15 13 11 7 31 32 24 3 33 31 24 36 3 13 28 5 2 37 17 17 14 16 9 24 16 17 36 11 6 18 13 21 22 6 3 7 29 24 26 37 5 23 26 25 32 19 28 3 6 27 28 4 27 1 33 4 22 9 1 14 16 23 11 9 2 34 23 8 19 35 12 32 15 4 23 31 29 37 18 17 8 7 16 5 18 2 1 22 9 26 37 27 11 36 14 19 34 22 19 21 34 12 35 34 12 1 8 5 18 26 6 32 25 29 15 25 
37 28 12 7 18 14 24 22 31 23 8 26 29 37 1 17 37 35 14 18 3 11 25 13 4 29 25 5 19 16 25 18 33 3 28 16 28 36 6 21 2 16 5 32 36 14 8 11 27 11 1 32 2 15 6 24 9 35 24 27 13 21 8 33 27 37 15 34 9 25 27 7 26 7 21 8 26 33 32 18 3 13 15 7 4 23 31 17 24 5 17 14 21 6 3 31 16 36 12 9 12 31 22 19 35 4 13 2 19 1 22 11 23 1 22 29 32 26 23 33 2 17 34 15 5 34 28 6 9 19 4 29 36 35 12 34 
1 23 25 32 7 19 34 14 31 8 2 35 26 6 8 7 16 25 22 9 5 16 21 22 31 25 17 33 36 9 28 13 37 4 19 6 32 24 33 31 29 27 28 19 16 35 36 36 13 23 4 7 9 18 6 25 31 15 27 28 14 21 1 5 3 27 11 11 1 14 29 35 8 12 26 11 35 37 24 3 2 12 27 3 15 21 3 1 7 24 13 6 22 17 12 18 28 37 22 18 15 11 26 36 12 29 24 15 32 2 32 13 4 34 2 4 16 19 5 26 21 14 9 33 8 17 34 37 17 23 5 29 34 23 33 18 
27 7 33 23 37 16 14 21 24 15 25 23 21 15 6 21 11 9 37 18 4 35 16 33 25 7 7 1 4 6 13 36 32 24 1 18 22 8 3 19 37 3 35 16 2 15 11 29 33 21 3 19 24 32 28 12 33 25 15 31 29 5 26 12 11 9 6 34 36 1 2 36 14 29 11 31 22 4 12 35 5 18 34 28 25 19 14 9 27 28 24 3 16 23 17 8 34 12 27 13 28 36 5 31 17 17 35 7 19 17 26 4 13 23 26 6 5 18 26 37 13 14 32 8 2 34 8 9 1 31 2 22 29 22 27 32 
21 36 32 9 35 28 14 37 1 3 32 12 15 23 25 17 22 36 25 5 11 26 37 2 7 8 18 4 14 4 16 1 16 3 31 16 2 12 26 24 23 18 36 6 19 34 16 2 13 13 29 9 21 23 3 34 18 17 25 33 22 1 5 21 32 23 7 5 27 19 37 11 24 26 6 35 7 22 27 36 15 31 17 2 1 11 25 33 26 37 35 18 35 24 5 3 31 12 9 28 28 7 4 31 8 29 11 29 6 22 8 9 19 19 34 29 33 24 4 34 28 15 13 33 15 6 13 12 27 21 14 32 8 27 17 14 
34 33 34 27 25 26 21 37 22 2 32 26 2 23 21 17 28 3 18 16 29 14 12 29 24 13 22 21 11 6 18 7 36 8 19 32 19 15 15 28 12 17 34 11 1 9 23 17 16 22 24 17 21 36 29 2 6 37 13 9 35 19 4 36 1 36 2 33 18 4 3 13 31 7 25 1 4 15 14 7 27 8 25 28 23 27 4 33 37 12 23 28 5 35 32 5 18 35 16 22 31 35 19 31 26 3 34 7 29 32 14 12 31 6 16 25 24 9 24 27 11 15 14 33 37 1 26 8 6 8 11 9 5 13 3 5 
5 22 1 29 24 28 33 14 7 2 36 6 36 6 23 24 1 21 37 7 28 21 21 35 14 37 27 9 15 7 28 5 1 13 37 29 12 15 15 19 2 25 18 4 2 14 31 35 6 13 26 12 3 26 18 16 11 16 22 27 4 31 23 4 7 27 5 32 32 5 3 13 24 35 22 33 8 17 25 16 26 33 18 19 16 37 32 8 18 34 17 14 11 36 34 1 9 31 8 9 31 25 11 12 24 32 12 25 19 35 33 26 29 29 4 21 3 2 17 3 15 19 17 34 34 28 36 9 23 27 11 23 22 8 6 13 
34 19 35 27 3 15 4 7 26 9 11 25 22 12 16 11 19 6 9 17 28 7 1 23 28 18 1 27 17 18 37 36 12 28 19 37 13 27 13 1 21 16 6 36 8 27 14 9 8 32 25 24 22 4 25 5 32 23 16 17 35 15 33 21 4 14 29 8 29 26 6 2 34 13 31 16 29 32 21 7 26 33 2 34 3 22 23 18 12 31 11 5 35 36 37 1 35 6 14 37 12 5 5 15 2 33 4 32 21 22 2 24 36 29 23 3 14 24 17 24 34 7 3 18 13 28 31 8 33 15 19 25 31 9 11 26 
18 21 32 16 7 22 8 5 19 36 35 29 34 1 36 6 11 21 22 27 17 35 14 16 36 13 15 2 3 4 24 37 9 15 11 3 17 1 23 25 15 28 25 35 16 12 8 17 34 37 13 25 23 3 12 32 19 28 27 7 15 28 34 8 14 14 4 5 29 36 7 32 17 21 19 33 3 19 6 27 5 9 7 12 14 13 34 31 26 5 4 29 8 9 33 23 24 13 27 12 32 11 6 31 16 4 11 18 26 1 26 24 22 2 18 2 21 26 25 6 18 29 9 33 2 1 37 33 31 22 35 23 31 24 37 28 
27 2 15 17 8 35 23 34 9 23 27 8 5 27 27 13 4 15 29 14 33 7 34 25 26 29 22 13 28 3 16 1 37 25 11 19 37 11 1 32 1 28 2 25 3 33 28 18 26 19 4 26 36 31 36 3 17 12 22 24 5 32 31 29 8 7 2 6 19 4 21 19 36 11 18 22 12 1 3 24 32 35 32 5 15 31 8 31 14 11 21 18 12 23 7 24 23 13 5 34 17 21 6 24 4 35 14 14 35 37 37 6 21 33 25 16 28 2 13 12 6 17 9 22 29 34 15 16 16 18 9 36 7 9 33 26 
25 27 3 6 15 7 23 13 4 28 13 7 31 35 33 21 25 26 13 36 6 27 22 3 24 2 4 11 31 34 24 23 4 5 9 22 11 28 14 13 32 2 19 37 21 22 21 11 32 29 16 17 3 28 9 35 2 9 12 11 32 14 3 33 23 26 18 33 37 14 29 16 7 1 22 28 18 35 34 37 18 5 17 4 8 26 9 1 19 12 34 23 6 8 8 31 19 37 7 36 2 19 8 34 15 6 1 26 31 16 12 29 12 35 29 33 15 32 36 16 5 17 27 25 15 17 5 27 36 25 21 14 1 24 18 24 
16 15 5 28 25 28 16 11 3 34 1 21 7 23 34 36 19 24 29 37 24 7 15 33 22 13 22 5 31 12 1 14 2 21 19 14 22 23 23 19 15 5 3 16 34 14 37 32 9 24 13 18 12 15 25 27 17 6 2 26 11 26 22 9 29 27 32 17 35 37 34 11 4 31 37 33 16 32 9 21 12 8 8 18 4 4 27 31 35 27 29 26 9 13 1 26 18 8 11 21 6 5 2 17 23 3 33 35 7 17 1 25 4 14 7 6 12 2 28 25 31 36 19 36 35 13 6 36 32 24 8 33 18 28 29 3 
1 25 12 3 27 29 14 31 26 6 37 36 18 15 7 22 13 28 13 34 18 3 11 27 11 18 19 25 34 6 16 17 34 37 4 8 6 28 21 23 15 6 29 24 9 19 15 35 2 4 14 37 17 35 22 7 23 22 26 14 5 25 22 1 29 28 29 19 17 15 4 5 18 24 12 9 26 5 36 33 14 21 8 16 3 2 24 9 8 35 32 19 33 33 32 1 7 31 32 8 13 5 3 21 2 24 23 23 33 26 25 4 2 31 1 35 16 12 27 27 16 12 17 31 11 28 9 36 13 7 11 32 34 21 36 37 
27 19 27 29 37 8 34 31 13 33 12 12 5 14 32 12 33 3 3 17 24 23 4 32 21 18 16 19 2 28 22 35 6 17 23 1 33 3 27 29 4 23 34 1 35 29 35 6 15 2 8 13 12 24 17 13 34 4 14 29 18 23 9 32 1 3 28 2 16 35 26 5 24 7 8 25 11 5 33 26 22 24 28 21 22 36 9 21 19 18 17 37 16 4 31 26 11 1 2 7 8 13 9 11 11 37 32 34 19 26 31 9 31 36 15 7 15 25 36 21 36 7 6 6 15 22 5 14 37 18 16 27 28 14 25 25 
1 24 35 19 11 14 23 32 12 21 28 25 22 17 21 28 17 9 12 34 29 15 12 18 16 25 6 15 11 2 26 29 3 37 29 3 23 2 8 2 4 36 8 13 34 26 19 4 18 27 18 25 36 15 36 31 32 37 26 19 7 37 11 35 7 24 31 5 7 24 16 25 34 37 26 27 4 13 15 9 22 16 32 14 5 2 14 16 5 1 8 4 24 3 28 6 31 9 17 23 3 21 19 13 33 14 33 13 34 22 7 35 33 9 29 23 31 28 6 1 35 6 18 32 33 27 27 17 22 21 8 1 5 36 11 12 
35 2 9 13 27 3 5 32 11 19 2 36 1 6 17 33 33 25 25 9 21 19 16 11 36 24 27 3 33 31 26 28 29 9 17 6 15 2 2 31 24 5 3 25 12 32 12 31 21 12 16 16 34 34 25 18 8 22 13 4 14 15 34 9 15 23 21 37 1 29 19 3 35 7 7 31 13 7 7 28 5 19 6 18 28 35 23 4 17 29 18 14 27 5 26 37 37 27 36 32 22 21 35 14 36 32 4 11 29 26 24 17 33 13 23 16 6 14 8 22 23 24 22 26 1 1 12 37 8 8 18 34 15 28 11 4 
2 32 9 19 25 27 16 26 22 6 29 17 21 32 25 28 6 37 31 22 15 11 37 1 11 23 11 3 6 12 16 21 27 18 19 5 26 24 24 2 5 23 17 3 33 13 23 18 18 8 29 34 4 3 35 1 36 14 27 14 34 31 31 15 8 16 36 24 25 1 13 19 15 11 1 15 4 7 32 7 6 5 12 22 21 5 33 12 29 24 37 22 34 3 7 35 28 35 9 4 19 35 12 27 4 29 33 2 34 21 28 16 37 23 7 32 26 28 14 25 17 8 26 13 13 8 9 31 9 33 2 14 36 18 36 17 
5 7 27 13 8 25 21 11 18 11 33 22 4 16 9 26 21 1 26 17 17 16 8 3 31 14 33 24 29 6 29 31 37 13 22 28 19 18 14 15 13 34 35 24 12 33 5 14 3 2 37 6 36 25 11 34 15 29 34 12 7 31 14 24 33 22 32 16 1 23 35 18 2 23 22 27 32 34 24 4 8 23 2 36 17 6 15 27 1 32 18 21 16 28 26 4 32 17 25 15 23 3 2 5 37 1 35 27 9 37 9 25 26 21 36 4 8 31 7 28 35 19 19 11 7 19 12 9 6 3 13 36 5 12 28 29 
22 11 25 15 31 9 31 8 37 36 24 29 5 2 21 1 34 11 24 35 9 2 32 14 32 6 17 17 3 29 33 5 13 26 21 4 32 12 5 5 11 29 27 25 32 13 16 23 37 3 2 7 22 1 4 24 2 29 16 33 7 12 18 34 28 22 36 12 17 3 23 6 1 15 9 34 15 28 24 4 19 36 18 21 3 8 22 35 28 23 25 15 31 28 7 19 23 14 18 8 27 17 34 14 9 8 35 27 26 6 26 33 6 36 13 1 27 35 31 37 14 37 26 11 18 4 7 33 21 16 25 19 12 13 16 19 
3 7 28 33 21 1 7 6 18 5 4 12 5 18 3 37 9 22 19 32 21 34 31 28 4 14 1 18 13 23 3 29 14 36 7 19 32 11 11 35 1 21 37 26 15 12 2 27 2 5 22 25 35 32 14 21 9 25 17 8 31 23 29 16 16 27 13 26 27 29 25 23 9 35 4 16 34 37 2 5 18 17 16 33 17 8 24 15 12 24 6 28 2 32 27 19 36 9 35 26 24 6 4 11 22 8 13 11 14 36 1 6 34 17 3 24 12 8 33 31 33 13 36 37 7 26 31 22 15 15 19 23 25 34 29 28 
23 37 3 6 1 16 31 8 6 34 33 29 13 34 21 34 19 5 31 35 19 35 4 17 21 13 28 25 9 26 18 1 25 12 22 26 32 23 7 7 3 3 14 34 24 23 36 28 13 9 27 1 15 27 18 11 28 23 18 19 36 17 19 31 14 4 29 37 28 36 7 6 5 35 12 17 26 11 9 8 33 5 1 29 36 22 32 37 8 2 31 12 4 15 22 25 25 16 21 2 8 22 35 27 6 3 21 13 2 24 16 33 9 27 16 15 32 4 2 17 24 18 11 12 15 14 11 33 26 14 5 37 29 7 32 24 
1 11 13 4 16 24 7 13 21 27 15 24 1 6 13 2 12 24 18 14 34 21 35 29 3 33 9 19 14 29 28 5 3 22 12 19 4 35 6 6 34 1 19 11 8 5 3 3 22 36 27 36 9 23 33 27 13 2 25 28 8 25 34 23 18 27 35 29 37 9 26 23 8 28 4 19 14 8 15 36 1 9 16 37 18 24 11 23 11 33 34 17 18 36 7 15 14 21 25 37 17 15 22 12 26 32 26 16 31 7 35 37 22 5 25 16 17 17 32 2 32 4 21 26 31 12 31 7 33 5 6 31 29 28 32 2 
5 33 13 23 16 34 22 23 1 8 18 12 5 2 25 18 11 36 35 4 26 28 21 9 14 12 36 1 8 29 11 8 9 2 3 33 37 17 27 31 24 36 7 37 18 12 22 31 36 37 27 28 5 6 35 26 6 13 16 3 34 19 29 24 1 17 22 14 1 34 29 33 3 2 15 11 15 21 17 17 4 19 6 7 23 9 31 6 4 31 15 21 25 4 28 3 32 21 26 33 27 12 29 5 7 18 19 37 22 7 24 11 13 25 25 15 16 28 23 9 13 27 14 32 34 19 8 35 26 35 14 2 32 24 32 16 
8 19 1 12 27 35 23 26 37 17 21 37 23 29 8 33 17 27 4 33 8 13 6 26 22 12 32 36 29 11 15 16 31 25 2 22 11 9 35 32 7 4 36 19 15 4 37 36 17 5 4 15 18 1 32 13 14 23 19 16 13 18 12 35 7 34 5 32 24 9 9 14 3 6 34 1 3 21 28 25 16 7 24 31 37 28 3 3 24 22 31 29 6 11 33 34 14 27 33 29 16 11 36 7 21 25 9 22 23 25 34 2 13 28 6 24 26 28 19 27 5 1 15 14 35 8 26 2 31 5 18 21 18 2 12 17 
24 27 21 19 16 3 34 13 18 7 4 9 13 15 21 6 2 7 26 36 29 17 14 5 33 8 17 29 27 3 9 8 33 28 31 12 1 35 29 9 4 19 13 34 22 17 4 28 26 12 36 15 15 26 32 5 35 12 24 23 3 21 22 29 1 11 35 7 19 27 2 36 17 37 23 33 31 15 7 13 2 37 18 9 25 11 34 32 2 22 24 1 11 14 31 21 36 16 37 6 37 14 32 18 27 12 32 24 34 19 5 28 22 8 25 1 25 5 14 4 35 23 31 26 6 11 3 28 25 23 16 16 33 18 6 8 
7 8 4 16 27 4 32 1 17 16 7 29 3 21 37 33 28 15 26 2 35 18 8 31 34 21 19 21 9 2 29 11 12 25 11 23 2 7 9 28 6 34 8 17 26 9 33 33 35 25 32 4 6 36 36 18 35 22 25 24 26 12 37 3 3 24 14 13 19 15 32 11 21 3 1 36 31 25 34 22 11 27 23 15 16 5 7 2 33 17 28 23 27 13 18 9 8 26 5 12 14 19 19 34 22 35 22 6 28 29 17 36 4 5 24 5 12 37 37 6 1 29 14 13 15 31 32 14 16 13 1 24 31 27 18 23 
21 12 26 15 2 5 26 16 2 13 29 35 26 34 31 5 17 25 19 7 23 17 8 18 35 5 24 14 22 28 24 4 32 34 25 1 35 27 22 22 11 5 16 27 12 19 32 6 15 37 37 36 9 11 34 9 2 9 27 3 8 6 23 12 24 12 16 34 33 25 1 36 14 3 17 23 35 25 1 22 28 6 18 3 27 15 7 7 7 26 4 2 21 15 13 19 14 31 31 18 28 8 18 28 17 21 29 23 32 36 29 29 19 16 37 3 8 11 4 13 31 4 32 14 11 37 24 9 33 36 33 1 13 33 21 6 
37 37 35 31 2 4 33 18 29 33 13 11 34 2 3 11 14 25 2 23 29 37 37 8 6 35 29 34 34 28 14 17 4 24 6 24 12 36 2 22 17 35 29 31 32 16 21 15 19 27 19 28 32 16 3 5 31 7 28 4 8 9 14 27 7 1 26 3 23 19 18 15 15 14 6 1 17 25 26 9 15 25 32 9 36 23 25 26 18 33 32 34 22 26 27 4 11 12 35 11 5 21 33 21 24 17 9 19 1 27 5 8 3 12 12 5 13 28 8 16 7 22 16 13 36 22 1 13 6 24 36 23 21 18 31 7 
18 9 6 12 12 29 18 13 34 5 37 11 31 33 9 35 33 29 16 31 19 4 26 11 3 25 23 19 27 21 37 31 26 14 22 27 6 28 7 25 33 8 29 35 5 1 19 29 27 21 34 36 34 36 35 32 1 11 4 28 18 7 22 27 12 14 3 14 15 31 23 8 17 6 32 26 11 3 22 21 15 1 24 32 5 8 26 19 35 37 33 13 7 17 15 28 28 4 13 32 18 14 3 9 9 2 16 23 34 24 24 36 17 2 21 16 2 15 5 17 7 37 2 13 36 8 12 25 22 23 16 6 1 24 25 4 
23 24 13 1 4 4 16 27 9 23 35 34 11 27 11 29 18 37 36 27 7 1 5 37 26 17 36 17 18 19 5 22 4 4 29 6 14 31 15 32 22 37 12 7 7 14 17 9 12 16 11 12 15 21 22 35 24 3 21 8 36 9 25 15 6 29 3 35 14 28 1 12 33 21 33 18 19 25 19 24 11 23 31 5 35 14 28 5 17 26 27 13 25 1 28 25 9 3 8 19 6 15 8 31 26 28 32 3 34 16 31 32 36 33 24 33 6 2 34 2 32 2 8 21 34 13 29 13 22 23 18 37 26 7 16 2 
22 24 15 13 21 7 28 21 19 19 23 11 13 32 16 5 26 2 7 17 21 25 28 31 4 37 31 5 11 36 8 29 6 2 9 32 27 25 12 24 22 14 17 4 31 23 9 36 22 26 1 16 1 14 5 25 26 29 1 12 33 29 7 28 18 37 13 6 8 22 34 36 2 29 37 34 15 33 21 18 34 27 3 34 8 11 9 17 19 8 9 19 15 17 32 6 35 26 28 6 35 11 16 33 35 7 32 1 33 4 35 37 3 15 31 36 23 5 24 3 4 14 12 2 12 18 3 27 27 14 13 16 18 23 25 24 
17 21 2 11 13 13 28 34 35 29 7 16 37 24 5 37 16 8 26 18 7 1 21 6 22 1 16 25 3 26 6 1 24 8 29 33 33 32 26 27 36 19 22 34 5 17 35 19 11 21 35 14 13 27 23 2 17 27 37 4 31 9 34 8 35 19 34 3 6 18 16 27 12 29 25 22 31 36 24 29 17 14 15 2 15 4 11 26 22 28 9 5 28 23 28 6 32 12 36 14 7 25 13 4 18 36 33 31 23 11 32 1 32 5 19 21 25 33 3 23 15 4 12 37 8 9 15 24 14 2 12 18 31 3 7 9 
32 2 33 36 28 37 17 5 16 36 17 1 14 35 22 29 35 3 19 21 8 27 17 8 12 18 31 27 37 26 9 15 3 1 23 21 19 24 32 27 11 22 4 28 21 1 5 32 34 23 4 12 33 37 15 33 29 16 14 3 34 26 34 12 28 2 24 6 13 34 6 16 7 26 18 23 31 7 22 1 13 2 9 17 29 29 26 4 18 19 9 31 5 35 15 32 25 15 4 23 37 31 24 16 36 33 13 19 2 25 35 25 9 18 6 25 6 24 22 14 3 12 28 8 5 13 21 8 7 14 27 11 11 36 11 7 
29 13 27 32 36 24 35 12 29 15 36 29 27 6 32 8 22 34 18 15 14 24 12 24 1 25 3 11 19 7 15 21 1 37 22 27 31 18 8 11 17 18 7 16 24 34 23 18 21 19 22 5 4 28 15 3 8 14 1 14 16 5 35 26 36 27 13 33 9 32 34 6 19 5 9 23 26 29 34 2 35 33 31 19 25 5 25 36 33 2 1 7 28 25 9 21 11 17 14 13 23 4 37 37 4 8 17 37 26 35 22 3 9 16 11 16 33 7 17 23 12 2 28 32 6 28 26 6 31 4 13 31 3 2 12 21 
34 14 32 31 18 13 5 1 16 17 28 1 9 24 4 34 27 37 32 32 3 15 17 33 27 33 28 13 24 23 33 11 24 17 23 2 36 3 34 37 22 2 9 34 37 7 23 16 35 15 35 13 19 37 36 7 25 32 27 18 21 29 12 6 16 1 6 12 5 18 22 11 25 5 2 31 26 18 28 26 29 26 19 35 9 31 7 8 19 8 4 29 8 27 8 25 5 15 12 13 11 4 21 6 14 1 12 4 16 14 7 3 9 3 29 17 2 24 11 35 36 31 25 22 6 36 14 23 26 33 19 15 21 22 28 21 
2 34 12 24 13 35 33 36 32 22 25 22 36 24 11 5 13 23 29 6 27 37 2 28 7 1 23 33 21 33 7 29 29 35 31 18 11 26 28 11 18 15 3 32 14 16 2 1 34 11 13 2 17 29 14 27 9 15 5 23 6 3 33 31 8 22 19 1 9 26 15 36 17 32 22 1 15 23 16 25 24 9 6 12 5 37 35 24 18 27 28 37 31 36 35 21 4 13 25 12 14 26 17 21 37 6 4 34 27 8 14 31 19 26 16 8 17 3 4 19 7 16 21 5 19 9 34 28 4 25 8 32 12 3 18 7 
21 7 37 13 31 33 24 19 27 16 33 27 2 12 26 6 34 21 4 18 14 5 6 13 12 25 21 11 8 22 3 26 35 9 7 19 13 23 16 1 25 11 15 34 16 3 18 5 31 11 5 37 2 14 37 19 26 1 28 1 23 36 15 13 6 28 3 21 31 32 8 37 34 22 25 28 9 16 8 24 1 17 4 2 33 23 5 12 27 25 2 8 34 7 4 35 17 31 33 19 29 14 23 9 36 18 35 29 11 4 15 29 26 15 32 24 27 9 24 17 3 32 29 36 28 18 12 22 32 6 14 7 22 36 35 17 
11 27 21 21 28 26 33 11 5 17 7 22 26 32 2 35 17 24 31 18 27 16 2 9 4 36 13 14 37 19 15 18 25 21 23 11 9 27 31 26 3 3 23 28 15 5 37 35 22 7 25 12 33 4 3 13 33 25 16 14 25 31 17 28 4 18 8 32 11 3 7 15 24 33 34 12 16 19 37 34 26 9 12 8 29 35 2 19 1 19 34 22 7 8 32 6 23 1 29 18 12 6 16 28 4 6 2 6 5 35 21 14 22 5 34 8 24 23 29 29 1 13 14 32 31 17 24 37 36 36 15 27 9 36 13 1 
6 27 36 9 3 34 28 22 35 17 27 2 4 31 23 28 26 15 34 5 33 2 26 6 23 24 16 25 31 14 28 29 37 14 8 36 12 3 6 37 3 29 24 7 16 5 35 32 8 32 15 7 23 13 6 21 26 9 16 9 32 14 17 4 34 7 1 11 31 15 5 37 24 12 12 13 8 25 28 32 36 2 21 11 25 33 1 19 35 15 31 3 25 34 36 11 19 29 4 21 18 33 19 37 2 19 22 33 9 22 5 18 8 13 29 13 18 23 27 27 1 7 22 17 35 4 16 21 18 1 12 26 17 24 11 14 
5 16 2 8 18 35 37 16 8 27 14 23 26 12 11 28 8 13 14 29 7 27 1 26 15 25 26 19 36 17 36 19 32 32 5 25 13 13 6 4 15 12 19 7 2 18 22 9 3 9 28 11 22 34 12 31 33 27 22 34 18 17 5 29 11 17 17 12 29 37 3 3 3 31 5 33 29 24 22 2 31 1 6 9 32 31 16 24 8 35 25 24 4 6 4 15 37 36 14 33 11 34 23 4 35 27 25 33 26 16 13 1 14 28 35 7 18 21 9 34 36 23 21 24 7 6 21 37 1 28 2 32 21 19 15 23 
9 36 3 12 9 15 4 37 6 25 19 21 35 33 34 1 36 13 24 14 16 37 8 25 11 7 31 4 3 22 5 11 27 27 7 37 1 35 17 29 12 31 6 4 7 14 13 22 4 35 23 3 18 16 21 34 23 17 34 32 13 6 21 35 18 15 37 27 12 2 24 16 5 25 11 14 16 26 23 15 5 36 29 13 8 17 27 33 7 21 1 31 26 19 6 2 26 33 5 22 9 25 32 18 28 28 2 32 29 24 19 8 33 14 1 2 32 3 19 11 26 36 34 12 31 17 24 15 18 8 28 28 23 22 9 29 
7 36 22 12 16 28 1 22 24 25 28 29 9 5 16 29 4 12 27 28 22 7 37 16 6 37 3 33 9 33 8 23 13 25 23 7 37 2 23 9 2 35 24 6 12 31 32 3 33 29 8 6 36 24 5 4 2 26 3 9 14 15 33 18 32 17 26 14 5 12 15 37 21 21 3 34 1 13 4 15 5 21 1 17 4 34 34 23 31 2 7 18 22 27 35 19 18 32 27 17 24 28 25 35 8 14 32 19 15 19 11 13 14 17 11 25 29 16 27 21 19 36 26 36 18 1 35 13 6 8 11 31 31 11 26 34 
18 13 4 4 27 25 15 6 22 15 22 2 36 32 15 11 7 25 11 18 1 29 23 3 5 28 19 7 24 15 18 34 8 21 1 24 28 5 22 5 23 37 8 23 33 4 19 35 24 31 14 34 19 13 2 1 3 12 13 9 1 12 11 31 33 37 17 9 5 12 37 35 7 26 26 36 36 21 34 2 7 8 29 17 17 29 28 28 26 3 23 33 9 27 16 16 22 13 16 6 8 33 19 37 11 12 14 21 14 21 32 2 31 18 27 14 29 9 4 36 3 32 35 35 25 6 32 34 6 31 27 25 16 17 24 26 
23 8 4 28 1 16 21 34 4 29 22 6 7 37 14 23 18 32 33 11 6 28 27 32 17 34 26 25 3 32 18 35 21 31 7 8 25 4 28 36 13 35 36 24 8 9 34 17 11 25 31 29 37 6 13 13 35 36 29 24 7 37 2 15 16 27 19 5 29 24 9 6 1 8 33 19 26 37 7 9 5 19 26 24 9 2 11 19 12 31 5 14 2 5 16 15 27 18 17 31 25 23 1 23 3 33 33 26 12 21 15 1 35 12 22 27 22 4 11 2 16 15 28 14 17 34 13 12 32 21 14 3 22 36 3 18 
34 12 5 37 16 35 12 13 5 1 8 37 34 14 27 28 2 13 16 4 17 7 17 25 1 13 25 36 4 14 11 37 29 35 36 5 19 22 6 8 35 31 6 18 27 23 24 8 22 7 35 33 15 23 32 14 1 16 33 6 3 26 16 34 9 29 29 29 1 24 33 7 24 37 32 28 17 2 21 9 3 11 2 18 31 15 26 18 12 2 15 9 23 3 12 15 32 36 11 33 27 34 32 18 19 19 21 17 25 36 5 22 28 9 31 21 4 13 3 27 4 6 7 28 23 26 21 8 24 22 25 14 26 19 11 31 
36 17 12 8 15 27 35 4 13 34 21 16 24 17 13 8 28 11 2 29 18 21 29 25 34 25 13 9 37 22 2 7 23 24 14 23 18 11 3 22 1 32 34 3 2 28 24 4 37 21 31 33 11 14 7 37 34 3 11 1 9 6 36 25 29 19 32 36 1 32 5 12 28 6 15 19 35 26 9 8 8 33 7 6 33 18 28 24 35 27 14 5 4 13 2 16 5 12 19 27 16 18 5 12 31 6 21 4 17 22 9 33 15 25 35 14 17 15 26 23 1 36 16 23 32 26 3 31 29 27 7 31 26 19 22 37 
35 35 17 22 13 24 26 24 15 17 16 14 36 32 25 15 26 9 33 33 1 16 12 29 24 2 1 17 31 37 7 31 13 4 18 8 16 21 33 1 7 29 3 15 27 21 19 12 14 25 5 9 31 8 8 5 1 11 13 36 2 18 11 12 28 9 21 19 11 13 8 18 4 2 23 28 9 7 28 5 37 6 34 27 4 17 3 26 14 22 25 28 24 3 14 23 7 36 36 6 34 34 35 33 6 16 27 32 12 37 6 19 25 22 23 2 11 22 26 29 19 27 34 23 15 37 29 32 35 18 32 31 3 21 5 4 
18 24 3 35 27 12 33 36 5 19 13 2 13 14 37 18 35 11 28 27 18 31 22 19 17 21 36 6 14 23 18 8 1 33 24 33 12 16 25 15 11 16 26 2 21 23 36 7 8 3 26 19 5 25 1 11 6 27 16 33 15 21 6 16 15 32 15 22 27 9 1 24 31 5 32 9 29 22 13 6 1 24 32 3 8 21 34 29 2 35 34 4 13 19 31 2 23 32 29 28 7 12 4 17 17 35 37 36 34 28 5 34 25 4 14 4 8 7 22 37 26 37 9 26 9 25 3 14 11 29 12 23 31 7 17 28 
3 36 24 32 21 7 6 18 17 2 14 15 17 2 35 11 4 8 28 7 27 14 33 1 18 23 16 6 16 22 27 8 2 8 18 1 13 31 21 14 21 5 28 26 6 37 9 9 11 15 23 16 19 22 37 12 28 13 7 34 12 9 14 6 19 13 33 2 36 17 32 4 28 8 31 29 1 25 12 17 22 34 3 37 29 21 34 24 36 35 5 5 24 5 34 9 26 37 22 25 29 31 25 23 15 11 3 18 24 7 27 3 19 1 19 36 27 32 15 29 26 11 33 25 35 35 13 33 31 32 26 23 12 4 4 16 
32 2 31 1 31 15 14 26 12 22 33 11 24 6 35 18 28 27 3 6 3 26 26 24 1 25 6 32 34 16 3 21 9 31 14 33 19 15 16 14 28 36 25 23 23 19 11 31 4 9 7 18 32 21 22 32 17 17 37 9 36 29 13 9 5 5 34 6 27 23 35 18 4 25 2 2 33 18 13 12 28 15 24 24 17 33 22 27 35 16 17 1 8 8 12 3 34 19 21 26 13 29 25 2 16 14 11 8 8 12 27 35 19 13 15 36 28 7 23 21 37 37 22 1 34 36 5 29 7 29 4 11 4 37 7 5 
11 29 36 14 19 33 26 28 33 24 25 18 21 37 26 3 19 34 18 29 36 11 37 22 4 4 8 6 31 27 9 3 34 27 18 28 23 13 17 37 28 25 36 35 7 17 32 1 32 15 11 17 8 16 29 11 25 4 16 13 14 5 6 22 7 21 8 31 12 8 32 3 36 2 15 33 18 37 23 33 24 29 5 26 2 16 23 6 3 35 21 7 1 14 27 15 25 31 24 28 13 9 19 13 22 26 7 19 4 23 5 12 5 12 27 6 17 35 34 9 21 22 24 1 1 2 34 32 35 31 16 2 12 9 15 14 
14 7 32 21 37 11 14 23 37 22 2 15 12 37 28 25 8 25 31 13 15 7 4 16 4 3 6 6 27 33 14 28 21 23 34 15 13 18 34 1 35 17 16 14 28 19 24 23 22 33 26 37 33 1 34 9 25 19 31 17 3 5 27 18 13 21 24 24 35 6 32 34 16 12 3 36 7 2 6 4 11 17 29 11 35 25 16 8 4 3 13 26 19 9 12 15 36 35 36 21 19 12 22 8 32 18 1 26 5 33 28 2 11 29 29 7 31 26 5 29 5 18 32 8 17 22 27 24 27 9 2 23 36 9 1 31 
11 8 7 28 27 17 2 21 18 7 26 8 24 16 32 33 7 22 7 3 14 25 25 34 27 35 2 31 5 4 25 32 6 9 29 37 28 4 14 36 23 16 33 37 36 15 19 8 17 24 27 34 34 24 23 6 18 17 12 5 37 19 22 25 24 9 12 13 33 1 5 28 18 1 36 13 1 15 19 15 19 26 2 12 23 32 37 29 29 3 34 4 17 3 21 15 11 26 2 32 11 23 13 18 8 6 33 26 27 29 22 9 35 36 31 31 14 12 31 21 16 28 35 1 5 35 22 9 13 3 4 21 6 11 16 14 
14 6 14 34 34 7 35 22 25 35 25 25 29 26 29 32 35 4 18 11 21 36 7 9 11 1 34 5 14 31 12 6 8 32 17 33 22 6 17 4 13 27 3 12 5 9 7 36 1 8 26 5 26 14 2 28 17 32 12 23 27 11 21 17 21 4 18 22 36 7 19 28 36 33 19 23 24 22 27 15 16 11 37 16 5 2 37 19 2 25 1 24 19 13 21 6 37 8 3 28 2 33 34 13 32 4 29 9 31 16 33 24 18 15 1 16 24 31 3 28 27 23 18 35 31 8 15 26 37 9 29 23 12 15 3 13 
21 8 16 34 15 22 12 2 5 5 9 14 24 24 37 18 18 23 8 26 27 19 2 4 19 31 17 13 25 18 34 32 17 23 36 26 22 29 27 29 31 11 16 3 6 6 6 7 35 23 19 2 14 14 5 4 12 32 13 2 12 37 28 6 37 34 7 24 16 32 23 27 32 26 28 33 36 14 7 33 28 1 16 1 8 36 21 19 36 35 9 35 13 37 29 31 9 18 1 8 28 3 24 35 4 33 17 9 22 11 17 33 15 26 5 1 11 12 25 15 34 4 15 25 25 22 27 29 3 7 3 31 21 13 11 21 
32 31 9 37 2 21 11 25 28 27 32 15 2 4 19 31 15 16 1 23 22 26 3 4 2 6 32 5 27 23 29 7 28 29 6 5 18 17 24 37 3 18 7 35 7 29 7 26 27 8 12 28 4 17 5 33 2 21 3 33 36 5 35 19 15 37 11 23 3 25 12 34 13 18 21 15 24 32 6 24 31 35 9 17 1 13 27 26 37 14 1 8 14 25 16 16 34 28 14 34 22 4 36 16 36 25 8 14 13 8 19 34 36 13 9 24 29 22 21 23 6 17 22 19 31 1 33 26 9 12 11 18 33 11 12 35 
4 26 35 18 1 18 28 35 31 28 32 19 5 6 29 7 7 36 35 29 35 16 27 24 14 12 37 24 17 34 16 25 19 28 5 21 33 34 27 36 19 25 22 13 2 37 29 7 28 34 37 12 3 24 8 11 18 31 7 6 11 9 26 23 1 22 9 33 11 17 16 15 26 14 27 21 22 33 24 2 31 17 34 6 15 12 36 1 11 2 1 5 13 36 9 25 4 3 13 23 8 8 14 16 12 3 22 8 32 15 23 26 2 21 4 27 23 15 3 31 17 37 25 29 32 33 9 6 32 18 5 14 4 21 13 19 
15 31 17 32 18 7 28 6 29 36 11 25 31 1 35 27 24 27 31 17 29 24 11 15 14 34 15 19 14 26 18 8 28 14 8 35 4 11 9 32 32 27 5 33 16 1 16 31 17 13 15 21 11 22 7 6 14 22 16 26 5 12 28 24 7 37 16 34 9 23 19 6 12 8 18 37 1 25 33 21 26 36 13 22 12 9 23 25 3 21 22 25 32 18 24 29 3 9 37 17 2 28 35 4 13 5 19 2 33 3 19 36 34 13 27 12 26 33 1 8 29 23 35 34 5 3 2 7 21 2 6 37 4 23 4 36 
18 32 23 16 19 14 6 7 29 13 37 34 24 21 35 7 14 25 8 13 3 36 9 33 27 22 31 28 7 6 27 15 15 6 24 13 12 16 3 4 14 22 27 17 8 5 19 17 13 32 18 5 25 9 34 29 11 31 12 4 36 35 9 34 18 1 3 8 1 7 19 2 28 25 8 35 26 23 33 21 31 24 26 26 34 35 11 32 14 32 11 24 5 18 33 29 37 25 22 4 1 36 16 28 4 1 15 2 31 12 17 23 11 29 21 23 21 17 27 3 5 12 16 28 37 9 36 6 2 37 15 26 22 33 19 2 
19 11 35 13 5 9 1 14 27 8 3 12 27 13 37 37 27 28 2 34 22 11 36 32 26 17 2 5 32 34 31 31 24 23 4 16 9 17 7 4 33 14 32 22 24 22 2 14 25 24 27 7 21 6 8 15 23 34 37 36 35 34 15 22 29 11 3 6 13 33 5 4 28 33 3 11 6 12 21 36 26 8 18 8 32 7 19 12 23 29 9 1 4 19 18 1 7 5 17 19 18 31 21 28 37 15 1 29 3 33 13 35 26 25 16 36 31 16 9 2 25 29 14 18 28 24 35 12 16 21 17 23 25 15 26 6 
